{
 "cells": [
  {
   "cell_type": "markdown",
   "id": "dad80202",
   "metadata": {},
   "source": [
    "# 6. Análisis Multivariado\n",
    "\n",
    "## Objetivo\n",
    "Explorar estructuras complejas en los datos usando técnicas multivariadas:\n",
    "- **PCA**: Reducción de dimensionalidad\n",
    "- **Clustering**: Agrupamientos K-means y jerárquico\n",
    "- **Correlaciones multivariadas**: Matriz de correlaciones\n",
    "- **Análisis de Varianza Multivariado (MANOVA)**: Diferencias entre grupos\n",
    "\n",
    "---"
   ]
  },
  {
   "cell_type": "markdown",
   "id": "0af21881",
   "metadata": {},
   "source": [
    "## 6.0 Configuración e Importaciones"
   ]
  },
  {
   "cell_type": "code",
   "execution_count": 7,
   "id": "2dc6e552",
   "metadata": {},
   "outputs": [
    {
     "name": "stdout",
     "output_type": "stream",
     "text": [
      "✓ Librerías cargadas correctamente\n"
     ]
    }
   ],
   "source": [
    "import pandas as pd\n",
    "import numpy as np\n",
    "import matplotlib.pyplot as plt\n",
    "import seaborn as sns\n",
    "from scipy import stats\n",
    "from scipy.cluster.hierarchy import dendrogram, linkage, fcluster\n",
    "from sklearn.preprocessing import StandardScaler\n",
    "from sklearn.decomposition import PCA\n",
    "from sklearn.cluster import KMeans\n",
    "from sklearn.metrics import silhouette_score, davies_bouldin_score\n",
    "from pathlib import Path\n",
    "import warnings\n",
    "warnings.filterwarnings('ignore')\n",
    "\n",
    "# Configuración de visualización\n",
    "plt.style.use('seaborn-v0_8-whitegrid')\n",
    "plt.rcParams['figure.figsize'] = (14, 8)\n",
    "plt.rcParams['font.size'] = 10\n",
    "plt.rcParams['axes.titlesize'] = 13\n",
    "plt.rcParams['axes.labelsize'] = 11\n",
    "\n",
    "# Paleta de colores\n",
    "COLORS = ['#2E86AB', '#A23B72', '#F18F01', '#C73E1D', '#3B1F2B', '#1B998B', '#E84855']\n",
    "sns.set_palette(COLORS)\n",
    "\n",
    "print(\"✓ Librerías cargadas correctamente\")"
   ]
  },
  {
   "cell_type": "code",
   "execution_count": 8,
   "id": "e23388e1",
   "metadata": {},
   "outputs": [
    {
     "name": "stdout",
     "output_type": "stream",
     "text": [
      "Dataset cargado: 5,195,195 registros\n",
      "Variables: 36\n",
      "\n",
      "Primeras variables: ['Diaocu', 'Depnap', 'Sexo', 'Depreg', 'Deprep', 'Tohivi', 'Depocu', 'Edadp', 'Deprem', 'Mesreg']\n"
     ]
    }
   ],
   "source": [
    "# Cargar dataset limpio\n",
    "DATA_PATH = Path('../data/processed')\n",
    "df = pd.read_csv(DATA_PATH / 'nacimientos_2009_2022_limpio.csv')\n",
    "\n",
    "print(f\"Dataset cargado: {len(df):,} registros\")\n",
    "print(f\"Variables: {len(df.columns)}\")\n",
    "print(f\"\\nPrimeras variables: {list(df.columns[:10])}\")"
   ]
  },
  {
   "cell_type": "code",
   "execution_count": 9,
   "id": "38d594a7",
   "metadata": {},
   "outputs": [
    {
     "name": "stdout",
     "output_type": "stream",
     "text": [
      "✓ Mappings aplicados\n"
     ]
    }
   ],
   "source": [
    "# Crear mappings para variables categóricas\n",
    "mapping_estado_civil = {\n",
    "    1.0: 'Unida',\n",
    "    2.0: 'Casada', \n",
    "    3.0: 'Soltera',\n",
    "    4.0: 'Divorciada',\n",
    "    5.0: 'Viuda',\n",
    "    6.0: 'Separada',\n",
    "    9.0: 'Ignorado'\n",
    "}\n",
    "\n",
    "mapping_departamentos = {\n",
    "    1.0: 'Guatemala', 2.0: 'El Progreso', 3.0: 'Sacatepéquez',\n",
    "    4.0: 'Chimaltenango', 5.0: 'Escuintla', 6.0: 'Santa Rosa',\n",
    "    7.0: 'Sololá', 8.0: 'Totonicapán', 9.0: 'Quetzaltenango',\n",
    "    10.0: 'Suchitepéquez', 11.0: 'Retalhuleu', 12.0: 'San Marcos',\n",
    "    13.0: 'Huehuetenango', 14.0: 'Quiché', 15.0: 'Baja Verapaz',\n",
    "    16.0: 'Alta Verapaz', 17.0: 'Petén', 18.0: 'Izabal',\n",
    "    19.0: 'Zacapa', 20.0: 'Chiquimula', 21.0: 'Jalapa', 22.0: 'Jutiapa'\n",
    "}\n",
    "\n",
    "# Aplicar mappings\n",
    "df['Estado_civil'] = df['Escivm'].map(mapping_estado_civil).fillna('Desconocido')\n",
    "df['Departamento'] = df['Deprem'].map(mapping_departamentos).fillna('Desconocido')\n",
    "\n",
    "print(\"✓ Mappings aplicados\")"
   ]
  },
  {
   "cell_type": "markdown",
   "id": "d2e08d54",
   "metadata": {},
   "source": [
    "---\n",
    "## 6.1 Preparación de Datos para Análisis Multivariado"
   ]
  },
  {
   "cell_type": "code",
   "execution_count": 10,
   "id": "6b445b5f",
   "metadata": {},
   "outputs": [
    {
     "name": "stdout",
     "output_type": "stream",
     "text": [
      "Todas las columnas en el dataset: ['Diaocu', 'Depnap', 'Sexo', 'Depreg', 'Deprep', 'Tohivi', 'Depocu', 'Edadp', 'Deprem', 'Mesreg', 'Mupocu', 'Tohinm', 'Tipar', 'Mesocu', 'Escivp', 'Libras', 'Tohite', 'Onzas', 'Añoreg', 'Asisrec', 'Depnam', 'Sitioocu', 'Escivm', 'Edadm', 'Añoocu', 'Peso_gramos', 'registro_completo', 'Grupo_edad_madre', 'Grupo_edad_detallado', 'Categoria_peso', 'Bajo_peso', 'Sexo_nombre', 'Tipo_parto', 'Madre_adolescente', 'Madre_anosa', 'Primer_hijo', 'Estado_civil', 'Departamento']\n",
      "\n",
      "Variables numéricas disponibles: 0/5\n",
      "Variables: []\n",
      "⚠️ ADVERTENCIA: No se encontraron variables para análisis. Ajustando lista...\n",
      "Usando estas variables numéricas: ['Diaocu', 'Depnap', 'Sexo', 'Depreg', 'Deprep', 'Tohivi', 'Depocu', 'Edadp', 'Deprem', 'Mesreg', 'Mupocu', 'Tohinm', 'Tipar', 'Mesocu', 'Escivp', 'Libras', 'Tohite', 'Onzas', 'Añoreg', 'Asisrec', 'Depnam', 'Sitioocu', 'Escivm', 'Edadm', 'Añoocu', 'Peso_gramos', 'Bajo_peso', 'Madre_adolescente', 'Madre_anosa', 'Primer_hijo']\n",
      "\n",
      "Valores faltantes antes de dropna:\n",
      "Diaocu                   0\n",
      "Depnap                   0\n",
      "Sexo                     0\n",
      "Depreg                   0\n",
      "Deprep                   0\n",
      "Tohivi                   0\n",
      "Depocu                   0\n",
      "Edadp                    0\n",
      "Deprem                   0\n",
      "Mesreg                   0\n",
      "Mupocu                   0\n",
      "Tohinm                   0\n",
      "Tipar                    0\n",
      "Mesocu                   0\n",
      "Escivp                   0\n",
      "Libras                   0\n",
      "Tohite               68398\n",
      "Onzas                    0\n",
      "Añoreg                   0\n",
      "Asisrec                  0\n",
      "Depnam                   0\n",
      "Sitioocu                 0\n",
      "Escivm                   0\n",
      "Edadm                13471\n",
      "Añoocu                   0\n",
      "Peso_gramos           7989\n",
      "Bajo_peso             7989\n",
      "Madre_adolescente    13471\n",
      "Madre_anosa          13471\n",
      "Primer_hijo          68398\n",
      "dtype: int64\n",
      "Registro inicial: 5,195,195 filas\n",
      "Registros después de dropna: 5,107,381 filas\n",
      "Columnas en df_analisis_limpio: ['Diaocu', 'Depnap', 'Sexo', 'Depreg', 'Deprep', 'Tohivi', 'Depocu', 'Edadp', 'Deprem', 'Mesreg', 'Mupocu', 'Tohinm', 'Tipar', 'Mesocu', 'Escivp', 'Libras', 'Tohite', 'Onzas', 'Añoreg', 'Asisrec', 'Depnam', 'Sitioocu', 'Escivm', 'Edadm', 'Añoocu', 'Peso_gramos', 'Bajo_peso', 'Madre_adolescente', 'Madre_anosa', 'Primer_hijo']\n"
     ]
    }
   ],
   "source": [
    "# Seleccionar variables numéricas relevantes\n",
    "variables_numericas = [\n",
    "    'Edadmad',           # Edad de la madre\n",
    "    'Pesorem',           # Peso al nacer\n",
    "    'Edadpadrn',         # Edad del padre\n",
    "    'Durembx',           # Duración del embarazo\n",
    "    'Edadmad_semanal',   # Edad materna en semanas\n",
    "]\n",
    "\n",
    "# Verificar disponibilidad de variables\n",
    "print(f\"Todas las columnas en el dataset: {df.columns.tolist()}\")\n",
    "variables_disponibles = [v for v in variables_numericas if v in df.columns]\n",
    "print(f\"\\nVariables numéricas disponibles: {len(variables_disponibles)}/{len(variables_numericas)}\")\n",
    "print(f\"Variables: {variables_disponibles}\")\n",
    "\n",
    "if len(variables_disponibles) == 0:\n",
    "    print(\"⚠️ ADVERTENCIA: No se encontraron variables para análisis. Ajustando lista...\")\n",
    "    # Usar todas las variables numéricas disponibles en el dataset\n",
    "    variables_disponibles = df.select_dtypes(include=[np.number]).columns.tolist()\n",
    "    print(f\"Usando estas variables numéricas: {variables_disponibles}\")\n",
    "\n",
    "# Crear dataset para análisis\n",
    "df_analisis = df[variables_disponibles].copy()\n",
    "\n",
    "# Eliminar valores faltantes\n",
    "print(f\"\\nValores faltantes antes de dropna:\")\n",
    "print(df_analisis.isnull().sum())\n",
    "print(f\"Registro inicial: {len(df_analisis):,} filas\")\n",
    "\n",
    "# Usar dropna con subset para preservar estructura\n",
    "df_analisis_limpio = df_analisis.dropna()\n",
    "print(f\"Registros después de dropna: {len(df_analisis_limpio):,} filas\")\n",
    "print(f\"Columnas en df_analisis_limpio: {list(df_analisis_limpio.columns)}\")\n",
    "\n",
    "if len(df_analisis_limpio) == 0:\n",
    "    print(\"⚠️ ADVERTENCIA: No quedan registros después de dropna(). Usando dropna(thresh=...) en su lugar\")\n",
    "    # Mantener filas con al menos el 60% de datos\n",
    "    df_analisis_limpio = df_analisis.dropna(thresh=len(variables_disponibles) * 0.6)\n",
    "    print(f\"Registros con th=60%: {len(df_analisis_limpio):,} filas\")\n"
   ]
  },
  {
   "cell_type": "code",
   "execution_count": 11,
   "id": "97b1f24a",
   "metadata": {},
   "outputs": [
    {
     "name": "stdout",
     "output_type": "stream",
     "text": [
      "══════════════════════════════════════════════════════════════════════\n",
      "ESTADÍSTICAS DESCRIPTIVAS - VARIABLES PARA ANÁLISIS MULTIVARIADO\n",
      "══════════════════════════════════════════════════════════════════════\n",
      "             Diaocu        Depnap          Sexo        Depreg        Deprep        Tohivi        Depocu         Edadp        Deprem        Mesreg        Mupocu        Tohinm         Tipar        Mesocu        Escivp        Libras        Tohite         Onzas        Añoreg       Asisrec        Depnam      Sitioocu        Escivm         Edadm        Añoocu   Peso_gramos     Bajo_peso  Madre_adolescente   Madre_anosa   Primer_hijo\n",
      "count  5.107381e+06  5.107381e+06  5.107381e+06  5.107381e+06  5.107381e+06  5.107381e+06  5.107381e+06  5.107381e+06  5.107381e+06  5.107381e+06  5.107381e+06  5.107381e+06  5.107381e+06  5.107381e+06  5.107381e+06  5.107381e+06  5.107381e+06  5.107381e+06  5.107381e+06  5.107381e+06  5.107381e+06  5.107381e+06  5.107381e+06  5.107381e+06  5.107381e+06  5.107381e+06  5.107381e+06       5.107381e+06  5.107381e+06  5.107381e+06\n",
      "mean   1.565538e+01  2.250832e+01  1.492038e+00  1.045200e+01  2.216724e+01  2.476586e+00  1.035334e+01  1.558290e+02  1.053197e+01  6.502362e+00  9.647823e+02  1.696596e-01  1.012124e+00  6.576886e+00  2.460751e+00  6.446985e+00  2.646245e+00  4.641727e+00  1.882696e+03  1.829854e+00  1.111018e+01  3.100786e+00  1.424414e+00  2.563847e+01  2.015422e+03  3.055892e+03  1.220447e-01       1.929690e-01  1.150803e-01  3.569444e-01\n",
      "std    8.770244e+00  3.008560e+01  4.999367e-01  6.255640e+00  3.043498e+01  1.886941e+00  6.284585e+00  3.264767e+02  6.295137e+00  3.485108e+00  6.638536e+02  6.330752e-01  1.115167e-01  3.440463e+00  2.568830e+00  1.139837e+00  2.007297e+00  4.596018e+00  4.997857e+02  1.382305e+00  6.369949e+00  2.156992e+00  5.231038e-01  6.593610e+00  3.945921e+00  4.940601e+02  3.273375e-01       3.946289e-01  3.191189e-01  4.790983e-01\n",
      "min    1.000000e+00  1.000000e+00  1.000000e+00  1.000000e+00  1.000000e+00  0.000000e+00  1.000000e+00  1.200000e+01  1.000000e+00  1.000000e+00  1.000000e+00  0.000000e+00  1.000000e+00  1.000000e+00  1.000000e+00  1.000000e+00  1.000000e+00  0.000000e+00  9.000000e+00  1.000000e+00  1.000000e+00  1.000000e+00  1.000000e+00  1.000000e+01  2.009000e+03  5.102910e+02  0.000000e+00       0.000000e+00  0.000000e+00  0.000000e+00\n",
      "25%    8.000000e+00  8.000000e+00  1.000000e+00  5.000000e+00  6.000000e+00  1.000000e+00  5.000000e+00  2.400000e+01  5.000000e+00  3.000000e+00  3.010000e+02  0.000000e+00  1.000000e+00  4.000000e+00  1.000000e+00  6.000000e+00  1.000000e+00  0.000000e+00  2.012000e+03  1.000000e+00  6.000000e+00  1.000000e+00  1.000000e+00  2.000000e+01  2.012000e+03  2.721552e+03  0.000000e+00       0.000000e+00  0.000000e+00  0.000000e+00\n",
      "50%    1.600000e+01  1.300000e+01  1.000000e+00  1.200000e+01  1.300000e+01  2.000000e+00  1.200000e+01  3.000000e+01  1.200000e+01  7.000000e+00  1.017000e+03  0.000000e+00  1.000000e+00  7.000000e+00  2.000000e+00  6.000000e+00  2.000000e+00  4.000000e+00  2.015000e+03  1.000000e+00  1.200000e+01  2.000000e+00  1.000000e+00  2.500000e+01  2.015000e+03  3.090095e+03  0.000000e+00       0.000000e+00  0.000000e+00  0.000000e+00\n",
      "75%    2.300000e+01  1.700000e+01  2.000000e+00  1.600000e+01  1.700000e+01  3.000000e+00  1.500000e+01  3.800000e+01  1.600000e+01  1.000000e+01  1.420000e+03  0.000000e+00  1.000000e+00  1.000000e+01  2.000000e+00  7.000000e+00  3.000000e+00  8.000000e+00  2.019000e+03  2.000000e+00  1.600000e+01  6.000000e+00  2.000000e+00  3.000000e+01  2.019000e+03  3.345241e+03  0.000000e+00       0.000000e+00  0.000000e+00  1.000000e+00\n",
      "max    3.100000e+01  9.900000e+01  2.000000e+00  2.200000e+01  9.900000e+01  9.900000e+01  2.200000e+01  9.990000e+02  9.900000e+01  1.200000e+01  2.217000e+03  3.900000e+01  4.000000e+00  1.200000e+01  9.000000e+00  1.200000e+01  1.900000e+01  1.500000e+01  2.023000e+03  9.000000e+00  9.900000e+01  9.000000e+00  9.000000e+00  5.500000e+01  2.022000e+03  5.726599e+03  1.000000e+00       1.000000e+00  1.000000e+00  1.000000e+00\n"
     ]
    }
   ],
   "source": [
    "# Estadísticas descriptivas para verificación\n",
    "print(\"═\" * 70)\n",
    "print(\"ESTADÍSTICAS DESCRIPTIVAS - VARIABLES PARA ANÁLISIS MULTIVARIADO\")\n",
    "print(\"═\" * 70)\n",
    "print(df_analisis_limpio.describe().to_string())"
   ]
  },
  {
   "cell_type": "code",
   "execution_count": 12,
   "id": "587fbee4",
   "metadata": {},
   "outputs": [
    {
     "name": "stdout",
     "output_type": "stream",
     "text": [
      "✓ Datos estandarizados\n",
      "\n",
      "Media después de estandarización: [-1.17529220e-17  5.12854776e-17 -3.54813591e-17 -3.41903184e-17\n",
      " -1.56705626e-17  1.36761274e-16  6.83806369e-17  2.27935456e-17\n",
      " -8.83249893e-17  9.68725689e-17 -3.41903184e-17 -2.27935456e-17\n",
      "  4.34501963e-16 -1.05420148e-16 -1.70951592e-17  3.36204798e-16\n",
      " -7.40790233e-17  5.69838641e-18 -1.82348365e-16 -1.13967728e-17\n",
      "  8.19143046e-17  5.69838641e-18 -1.88046751e-16  2.55715090e-16\n",
      " -2.23376747e-14 -3.87490276e-16  2.27935456e-17 -6.55314437e-17\n",
      " -6.83806369e-17 -4.27378980e-18]\n",
      "Desv. Est. después de estandarización: [1.0000001 1.0000001 1.0000001 1.0000001 1.0000001 1.0000001 1.0000001\n",
      " 1.0000001 1.0000001 1.0000001 1.0000001 1.0000001 1.0000001 1.0000001\n",
      " 1.0000001 1.0000001 1.0000001 1.0000001 1.0000001 1.0000001 1.0000001\n",
      " 1.0000001 1.0000001 1.0000001 1.0000001 1.0000001 1.0000001 1.0000001\n",
      " 1.0000001 1.0000001]\n"
     ]
    }
   ],
   "source": [
    "# Estandarizar datos (IMPORTANTE para PCA y Clustering)\n",
    "scaler = StandardScaler()\n",
    "df_escalado = scaler.fit_transform(df_analisis_limpio)\n",
    "df_escalado = pd.DataFrame(df_escalado, columns=variables_disponibles)\n",
    "\n",
    "print(\"✓ Datos estandarizados\")\n",
    "print(f\"\\nMedia después de estandarización: {df_escalado.mean().values}\")\n",
    "print(f\"Desv. Est. después de estandarización: {df_escalado.std().values}\")"
   ]
  },
  {
   "cell_type": "markdown",
   "id": "392d36b1",
   "metadata": {},
   "source": [
    "---\n",
    "## 6.2 Matriz de Correlaciones"
   ]
  },
  {
   "cell_type": "code",
   "execution_count": 13,
   "id": "1612299e",
   "metadata": {},
   "outputs": [
    {
     "name": "stdout",
     "output_type": "stream",
     "text": [
      "══════════════════════════════════════════════════════════════════════\n",
      "MATRIZ DE CORRELACIONES (Pearson)\n",
      "══════════════════════════════════════════════════════════════════════\n",
      "                     Diaocu    Depnap      Sexo    Depreg    Deprep    Tohivi    Depocu     Edadp    Deprem    Mesreg    Mupocu    Tohinm     Tipar    Mesocu    Escivp    Libras    Tohite     Onzas    Añoreg   Asisrec    Depnam  Sitioocu    Escivm     Edadm    Añoocu  Peso_gramos  Bajo_peso  Madre_adolescente  Madre_anosa  Primer_hijo\n",
      "Diaocu             1.000000  0.000166 -0.000394  0.001043  0.000221  0.000981  0.000952  0.000209  0.001045  0.002301  0.000856 -0.006670 -0.000490  0.010139  0.000053  0.001170 -0.001212  0.002177  0.002123 -0.000223  0.000338 -0.000334 -0.000487 -0.002409 -0.000668     0.001799  -0.002451           0.000989    -0.001502     0.001265\n",
      "Depnap             0.000166  1.000000  0.000533  0.130157  0.984001 -0.078421  0.126567  0.976632  0.131371 -0.000791  0.108545 -0.024486 -0.003266 -0.001763  0.960138 -0.036929 -0.081432  0.003855  0.008564 -0.009987  0.120826 -0.059066 -0.187560 -0.086057  0.018669    -0.037629   0.027203           0.092798    -0.025829     0.096769\n",
      "Sexo              -0.000394  0.000533  1.000000  0.000841  0.000538  0.003975  0.001217  0.000446  0.000380  0.000480  0.001437  0.000590  0.007382  0.000275  0.000713 -0.080606  0.003929 -0.004462  0.000230  0.010043  0.000281  0.012235  0.001610  0.004536 -0.000420    -0.085528   0.040750          -0.002880     0.002871    -0.003646\n",
      "Depreg             0.001043  0.130157  0.000841  1.000000  0.156090  0.114974  0.969868 -0.009453  0.943036  0.000138  0.851832  0.031873 -0.006180  0.006906 -0.019371  0.087147  0.118155 -0.144639  0.000619  0.229785  0.771016  0.138682 -0.041036 -0.035446 -0.000192     0.053052  -0.025760           0.055556     0.005765    -0.060494\n",
      "Deprep             0.000221  0.984001  0.000538  0.156090  1.000000 -0.077584  0.151692  0.970310  0.157716 -0.001293  0.130536 -0.023161 -0.003768 -0.001433  0.952931 -0.034955 -0.080227 -0.001993  0.013257 -0.002646  0.126823 -0.053846 -0.187098 -0.091773  0.020465    -0.037105   0.027371           0.099793    -0.027265     0.099396\n",
      "Tohivi             0.000981 -0.078421  0.003975  0.114974 -0.077584  1.000000  0.118201 -0.087004  0.109231  0.018259  0.099055  0.029513  0.059191  0.025207 -0.071248  0.132888  0.948966 -0.123374 -0.044340  0.176133  0.095098  0.203660  0.173051  0.621589 -0.121400     0.106527  -0.045572          -0.330670     0.470300    -0.593912\n",
      "Depocu             0.000952  0.126567  0.001217  0.969868  0.151692  0.118201  1.000000 -0.009622  0.919522 -0.000085  0.878559  0.032779 -0.010624  0.006535 -0.019955  0.092957  0.121472 -0.150547  0.001788  0.237807  0.754526  0.141707 -0.043414 -0.038206  0.002543     0.057574  -0.029977           0.058361     0.005212    -0.061537\n",
      "Edadp              0.000209  0.976632  0.000446 -0.009453  0.970310 -0.087004 -0.009622  1.000000 -0.007444 -0.001284 -0.011035 -0.025874 -0.002745 -0.000674  0.978759 -0.048323 -0.089942  0.023024  0.003791 -0.042597 -0.006346 -0.078572 -0.176041 -0.069290  0.017464    -0.044497   0.031084           0.079158    -0.017842     0.100815\n",
      "Deprem             0.001045  0.131371  0.000380  0.943036  0.157716  0.109231  0.919522 -0.007444  1.000000  0.000799  0.807773  0.031600 -0.002619  0.007492 -0.017465  0.077960  0.112662 -0.137340  0.003528  0.218963  0.792449  0.131160 -0.041631 -0.034958  0.007343     0.045364  -0.019838           0.054288     0.005298    -0.054207\n",
      "Mesreg             0.002301 -0.000791  0.000480  0.000138 -0.001293  0.018259 -0.000085 -0.001284  0.000799  1.000000  0.001336 -0.058234  0.001968  0.426990 -0.000419 -0.008057 -0.001196  0.008391  0.008531 -0.006296  0.001487 -0.005710  0.003416  0.005908 -0.000034    -0.006219   0.002505          -0.006990     0.001700    -0.001956\n",
      "Mupocu             0.000856  0.108545  0.001437  0.851832  0.130536  0.099055  0.878559 -0.011035  0.807773  0.001336  1.000000  0.037585 -0.009309  0.005330 -0.021101  0.083291  0.104986 -0.135143 -0.028876  0.190824  0.663380  0.117969 -0.039606 -0.033713  0.043742     0.051522  -0.027637           0.049768     0.003673    -0.054226\n",
      "Tohinm            -0.006670 -0.024486  0.000590  0.031873 -0.023161  0.029513  0.032779 -0.025874  0.031600 -0.058234  0.037585  1.000000  0.014980 -0.089868 -0.020878  0.007307  0.342196 -0.021844 -0.001875  0.051077  0.023439  0.040856  0.052868  0.202660  0.099833     0.001886   0.008789          -0.096689     0.168182    -0.167100\n",
      "Tipar             -0.000490 -0.003266  0.007382 -0.006180 -0.003768  0.059191 -0.010624 -0.002745 -0.002619  0.001968 -0.009309  0.014980  1.000000  0.000368 -0.001149 -0.177829  0.060360  0.020903  0.002473 -0.030067 -0.000692 -0.031656  0.010416  0.035027  0.004557    -0.180581   0.200258          -0.023825     0.021831    -0.064300\n",
      "Mesocu             0.010139 -0.001763  0.000275  0.006906 -0.001433  0.025207  0.006535 -0.000674  0.007492  0.426990  0.005330 -0.089868  0.000368  1.000000 -0.002435 -0.006194 -0.004653  0.009463  0.006917 -0.004331  0.004488 -0.005277 -0.000202  0.003030 -0.003705    -0.003987   0.000593          -0.004690     0.000157    -0.000479\n",
      "Escivp             0.000053  0.960138  0.000713 -0.019371  0.952931 -0.071248 -0.019955  0.978759 -0.017465 -0.000419 -0.021101 -0.020878 -0.001149 -0.002435  1.000000 -0.046623 -0.073555  0.025653  0.012442 -0.048623 -0.017966 -0.076162 -0.029838 -0.040644  0.014893    -0.042024   0.030128           0.050154    -0.007593     0.084533\n",
      "Libras             0.001170 -0.036929 -0.080606  0.087147 -0.034955  0.132888  0.092957 -0.048323  0.077960 -0.008057  0.083291  0.007307 -0.177829 -0.006194 -0.046623  1.000000  0.127227 -0.298313 -0.057154  0.142447  0.066924  0.192021  0.031408  0.057078 -0.102168     0.967801  -0.617979          -0.052962     0.022674    -0.112182\n",
      "Tohite            -0.001212 -0.081432  0.003929  0.118155 -0.080227  0.948966  0.121472 -0.089942  0.112662 -0.001196  0.104986  0.342196  0.060360 -0.004653 -0.073555  0.127227  1.000000 -0.122888 -0.042337  0.181688  0.096796  0.204341  0.179358  0.648253 -0.082662     0.100731  -0.040059          -0.341342     0.495155    -0.611025\n",
      "Onzas              0.002177  0.003855 -0.004462 -0.144639 -0.001993 -0.123374 -0.150547  0.023024 -0.137340  0.008391 -0.135143 -0.021844  0.020903  0.009463  0.025653 -0.298313 -0.122888  1.000000  0.061471 -0.251608 -0.105556 -0.292180 -0.001959 -0.017021  0.114317    -0.048454   0.033379          -0.002490    -0.024180     0.076497\n",
      "Añoreg             0.002123  0.008564  0.000230  0.000619  0.013257 -0.044340  0.001788  0.003791  0.003528  0.008531 -0.028876 -0.001875  0.002473  0.006917  0.012442 -0.057154 -0.042337  0.061471  1.000000  0.043194 -0.017589  0.062669 -0.068084 -0.007971  0.440527    -0.043599   0.016753           0.004016    -0.006482     0.008233\n",
      "Asisrec           -0.000223 -0.009987  0.010043  0.229785 -0.002646  0.176133  0.237807 -0.042597  0.218963 -0.006296  0.190824  0.051077 -0.030067 -0.004331 -0.048623  0.142447  0.181688 -0.251608  0.043194  1.000000  0.173432  0.690284 -0.019475  0.032600  0.122456     0.082712  -0.058826          -0.007924     0.037340    -0.136462\n",
      "Depnam             0.000338  0.120826  0.000281  0.771016  0.126823  0.095098  0.754526 -0.006346  0.792449  0.001487  0.663380  0.023439 -0.000692  0.004488 -0.017966  0.066924  0.096796 -0.105556 -0.017589  0.173432  1.000000  0.101604 -0.047184 -0.011813 -0.010607     0.042197  -0.020417           0.032202     0.012824    -0.053995\n",
      "Sitioocu          -0.000334 -0.059066  0.012235  0.138682 -0.053846  0.203660  0.141707 -0.078572  0.131160 -0.005710  0.117969  0.040856 -0.031656 -0.005277 -0.076162  0.192021  0.204341 -0.292180  0.062669  0.690284  0.101604  1.000000  0.029747  0.073818 -0.027805     0.123891  -0.081601          -0.048393     0.049051    -0.162668\n",
      "Escivm            -0.000487 -0.187560  0.001610 -0.041036 -0.187098  0.173051 -0.043414 -0.176041 -0.041631  0.003416 -0.039606  0.052868  0.010416 -0.000202 -0.029838  0.031408  0.179358 -0.001959 -0.068084 -0.019475 -0.047184  0.029747  1.000000  0.239226 -0.067004     0.032351  -0.013873          -0.201295     0.116606    -0.155579\n",
      "Edadm             -0.002409 -0.086057  0.004536 -0.035446 -0.091773  0.621589 -0.038206 -0.069290 -0.034958  0.005908 -0.033713  0.202660  0.035027  0.003030 -0.040644  0.057078  0.648253 -0.017021 -0.007971  0.032600 -0.011813  0.073818  0.239226  1.000000  0.003863     0.055242  -0.009526          -0.605592     0.675993    -0.472552\n",
      "Añoocu            -0.000668  0.018669 -0.000420 -0.000192  0.020465 -0.121400  0.002543  0.017464  0.007343 -0.000034  0.043742  0.099833  0.004557 -0.003705  0.014893 -0.102168 -0.082662  0.114317  0.440527  0.122456 -0.010607 -0.027805 -0.067004  0.003863  1.000000    -0.076768   0.032075          -0.018588    -0.005729     0.021635\n",
      "Peso_gramos        0.001799 -0.037629 -0.085528  0.053052 -0.037105  0.106527  0.057574 -0.044497  0.045364 -0.006219  0.051522  0.001886 -0.180581 -0.003987 -0.042024  0.967801  0.100731 -0.048454 -0.043599  0.082712  0.042197  0.123891  0.032351  0.055242 -0.076768     1.000000  -0.637896          -0.056080     0.017350    -0.097222\n",
      "Bajo_peso         -0.002451  0.027203  0.040750 -0.025760  0.027371 -0.045572 -0.029977  0.031084 -0.019838  0.002505 -0.027637  0.008789  0.200258  0.000593  0.030128 -0.617979 -0.040059  0.033379  0.016753 -0.058826 -0.020417 -0.081601 -0.013873 -0.009526  0.032075    -0.637896   1.000000           0.023796     0.008242     0.048039\n",
      "Madre_adolescente  0.000989  0.092798 -0.002880  0.055556  0.099793 -0.330670  0.058361  0.079158  0.054288 -0.006990  0.049768 -0.096689 -0.023825 -0.004690  0.050154 -0.052962 -0.341342 -0.002490  0.004016 -0.007924  0.032202 -0.048393 -0.201295 -0.605592 -0.018588    -0.056080   0.023796           1.000000    -0.176339     0.436893\n",
      "Madre_anosa       -0.001502 -0.025829  0.002871  0.005765 -0.027265  0.470300  0.005212 -0.017842  0.005298  0.001700  0.003673  0.168182  0.021831  0.000157 -0.007593  0.022674  0.495155 -0.024180 -0.006482  0.037340  0.012824  0.049051  0.116606  0.675993 -0.005729     0.017350   0.008242          -0.176339     1.000000    -0.208995\n",
      "Primer_hijo        0.001265  0.096769 -0.003646 -0.060494  0.099396 -0.593912 -0.061537  0.100815 -0.054207 -0.001956 -0.054226 -0.167100 -0.064300 -0.000479  0.084533 -0.112182 -0.611025  0.076497  0.008233 -0.136462 -0.053995 -0.162668 -0.155579 -0.472552  0.021635    -0.097222   0.048039           0.436893    -0.208995     1.000000\n"
     ]
    },
    {
     "data": {
